10000 1 26.688808 90.886734 26.688808 90.886734 1329
20000 2 27.163723 53.702953 26.926266 72.294846 1302
30000 3 34.156822 82.910141 29.336451 75.833275 1313
40000 4 32.656620 90.421333 30.166492 79.480286 1385
50000 5 26.492142 36.682652 29.431622 70.920761 1310
60000 6 37.059837 119.451561 30.702993 79.009232 1345
70000 7 31.123463 93.793831 30.763060 81.121323 1254
80000 8 22.524904 62.168053 29.733290 78.752159 1347
90000 9 18.106520 26.247488 28.441427 72.918304 1305
100000 10 37.350502 110.245422 29.332333 76.651016 1316
110000 11 39.218002 111.730232 30.231030 79.840034 1237
120000 12 26.011595 52.391701 29.879410 77.552673 1303
130000 13 29.078564 75.142128 29.817806 77.367249 1255
140000 14 32.241699 76.308449 29.990940 77.291618 1262
150000 15 19.733080 27.552916 29.307085 73.975700 1350
160000 16 26.338135 75.063248 29.121525 74.043671 1217
170000 17 29.772425 75.093102 29.159813 74.105408 1401
180000 18 33.364841 103.250191 29.393425 75.724571 1226
190000 19 35.201515 102.876213 29.699116 77.153603 1331
200000 20 30.761047 73.230049 29.752213 76.957428 1249
210000 21 27.338377 72.131821 29.637268 76.727638 1321
220000 22 27.089470 84.008217 29.521460 77.058571 1293
230000 23 26.845181 59.161488 29.405098 76.280441 1368
240000 24 27.865244 75.354134 29.340937 76.241844 1343
250000 25 33.957218 116.181458 29.525589 77.839424 1249
260000 26 32.399323 68.944633 29.636118 77.497314 1242
270000 27 31.076712 70.993027 29.689474 77.256409 1268
280000 28 34.374355 109.168503 29.856791 78.396126 1289
290000 29 24.823709 78.842186 29.683235 78.411514 1325
300000 30 31.271233 102.272255 29.736170 79.206871 1326
10000 1 39.028381 111.863380 39.028381 111.863380 1277
20000 2 25.486164 51.226830 32.257271 81.545105 1322
30000 3 33.628922 88.426910 32.714489 83.839043 1293
40000 4 40.326412 133.570236 34.617470 96.271835 1248
50000 5 29.686413 87.201790 33.631260 94.457825 1291
60000 6 32.928398 89.105148 33.514114 93.565712 1276
70000 7 17.949205 44.019730 31.290556 86.487717 1228
80000 8 23.406496 51.572990 30.305048 82.123375 1205
90000 9 28.633806 90.523628 30.119354 83.056732 1302
100000 10 29.937107 76.076263 30.101130 82.358688 1355
110000 11 33.961613 104.736885 30.452082 84.393074 1270
120000 12 32.648968 83.666931 30.635155 84.332558 1262
130000 13 34.024075 116.303879 30.895842 86.791885 1292
140000 14 32.087467 98.130379 30.980957 87.601784 1297
150000 15 36.509048 100.094208 31.349495 88.434608 1249
160000 16 20.761843 17.062756 30.687767 83.973869 905
170000 17 30.721308 92.203339 30.689741 84.457954 1368
180000 18 24.301306 72.557999 30.334829 83.796844 1298
190000 19 29.603930 97.855888 30.296362 84.536797 1292
200000 20 31.196554 73.470146 30.341370 83.983459 1268
210000 21 35.226345 116.876938 30.573986 85.549820 1321
220000 22 40.575169 139.448395 31.028587 87.999756 1313
230000 23 22.242981 54.099182 30.646605 86.525818 1311
240000 24 26.178196 41.384991 30.460421 84.644951 1297
250000 25 26.381182 48.655434 30.297251 83.205368 1310
260000 26 27.656313 62.187954 30.195677 82.397011 1241
270000 27 36.172485 109.259277 30.417040 83.391907 1265
280000 28 28.018190 79.455055 30.331366 83.251305 1212
290000 29 33.330391 94.343254 30.434780 83.633789 1299
300000 30 35.685513 99.274368 30.609804 84.155144 1154
10000 1 31.642399 66.631134 31.642399 66.631134 1236
20000 2 33.694622 94.582108 32.668510 80.606621 1201
30000 3 20.858171 17.527748 28.731730 59.580334 769
40000 4 20.891933 15.207981 26.771782 48.487244 744
50000 5 20.385349 16.431410 25.494495 42.076077 739
60000 6 36.135334 106.202271 27.267967 52.763775 1275
70000 7 33.317852 70.954582 28.132236 55.362461 1288
80000 8 28.311205 73.734093 28.154608 57.658916 1228
90000 9 22.493223 30.551788 27.525566 54.647015 1224
100000 10 22.037529 22.441916 26.976765 51.426502 1221
110000 11 24.708797 68.400566 26.770586 52.969601 1243
120000 12 36.377205 114.353889 27.571136 58.084957 1247
130000 13 30.945824 58.093754 27.830729 58.085632 1274
140000 14 33.159084 78.772385 28.211325 59.563259 1214
150000 15 18.569389 40.849010 27.568531 58.315639 1274
160000 16 26.599495 54.272705 27.507965 58.062958 1241
170000 17 31.875460 91.158310 27.764877 60.009743 1232
180000 18 34.036968 108.871880 28.113327 62.724304 1234
190000 19 33.870499 98.512009 28.416336 64.607864 1271
200000 20 28.451872 67.713867 28.418112 64.763168 1256
210000 21 30.669743 62.499992 28.525333 64.655403 1269
220000 22 36.251209 117.021675 28.876509 67.035690 1335
230000 23 29.541449 79.970749 28.905420 67.598083 1318
240000 24 34.898720 104.203537 29.155142 69.123306 1221
250000 25 20.866610 59.758724 28.823601 68.748718 1243
260000 26 27.722715 75.031822 28.781260 68.990379 1266
270000 27 29.929880 84.758789 28.823801 69.574394 1266
280000 28 30.604525 82.706329 28.887400 70.043388 1250
290000 29 22.716179 49.006622 28.674599 69.317978 1202
300000 30 43.204880 124.586632 29.158941 71.160263 1288
10000 1 32.468887 108.273865 32.468887 108.273865 1250
20000 2 36.593140 113.833344 34.531013 111.053604 1277
30000 3 27.657162 78.400162 32.239731 100.169128 1203
40000 4 30.987123 102.064087 31.926579 100.642868 1298
50000 5 21.913445 51.611164 29.923950 90.836533 1174
60000 6 25.888506 86.561043 29.251375 90.123955 1195
70000 7 36.448326 114.690826 30.279510 93.633507 1217
80000 8 39.052921 110.394676 31.376186 95.728653 1174
90000 9 36.730343 112.966255 31.971092 97.643944 1231
100000 10 30.986538 86.520340 31.872639 96.531578 1197
110000 11 29.245504 80.532997 31.633808 95.077156 1203
120000 12 35.953983 82.378014 31.993822 94.018898 1274
130000 13 29.741924 95.199135 31.820599 94.109688 1251
140000 14 17.644066 7.318403 30.807989 87.910301 654
150000 15 15.731925 14.473578 29.802919 83.014526 520
160000 16 18.404716 16.890951 29.090532 78.881805 613
170000 17 17.010456 16.562181 28.379940 75.215942 577
180000 18 15.583742 17.807583 27.669041 72.026588 591
190000 19 17.667944 18.983177 27.142668 69.234833 623
200000 20 16.661287 15.700987 26.618601 66.558136 639
210000 21 16.431532 17.542217 26.133501 64.224045 646
220000 22 16.743034 12.908451 25.706663 61.891518 652
230000 23 17.327375 15.585601 25.342346 59.878216 617
240000 24 17.278742 17.041714 25.006363 58.093365 580
250000 25 15.775423 7.662640 24.637127 56.076134 618
260000 26 15.636873 15.786092 24.290964 54.526516 659
270000 27 15.040792 19.588863 23.948364 53.232529 660
280000 28 14.936279 18.130535 23.626505 51.978886 552
290000 29 16.385302 16.743177 23.376808 50.763863 634
300000 30 15.977337 19.874271 23.130159 49.734207 572
10000 1 17.313215 18.018471 17.313215 18.018471 615
20000 2 17.263475 17.224861 17.288345 17.621666 559
30000 3 16.046875 18.354427 16.874521 17.865919 599
40000 4 18.844471 14.392539 17.367008 16.997574 650
50000 5 17.671093 16.142242 17.427826 16.826508 594
60000 6 17.538172 17.069801 17.446217 16.867056 631
70000 7 16.112120 18.820927 17.255632 17.146179 566
80000 8 16.996847 19.118086 17.223284 17.392668 583
90000 9 17.299408 17.860027 17.231743 17.444597 583
100000 10 15.602808 15.820010 17.068851 17.282139 640
110000 11 16.792892 18.240341 17.043764 17.369247 608
120000 12 17.075293 18.101841 17.046391 17.430296 600
130000 13 16.660759 13.805173 17.016726 17.151440 643
140000 14 15.439073 20.743137 16.904036 17.407990 606
150000 15 15.678420 18.063280 16.822329 17.451677 587
160000 16 16.577938 18.636448 16.807055 17.525724 610
170000 17 16.850368 15.985778 16.809603 17.435139 572
180000 18 16.026186 17.827957 16.766079 17.456963 573
190000 19 15.273786 28.076109 16.687536 18.015865 664
200000 20 17.372438 17.181675 16.721783 17.974155 664
210000 21 15.428970 17.844488 16.660221 17.967979 614
220000 22 17.033291 17.153603 16.677179 17.930962 643
230000 23 17.289656 17.862080 16.703808 17.927967 657
240000 24 17.319845 16.477840 16.729477 17.867544 585
250000 25 16.228287 17.798693 16.709429 17.864790 637
260000 26 16.973574 18.956388 16.719587 17.906775 644
270000 27 17.099869 16.852901 16.733671 17.867743 628
280000 28 15.573298 17.725927 16.692228 17.862677 645
290000 29 15.195532 16.127718 16.640617 17.802851 602
300000 30 13.224349 18.259792 16.526741 17.818081 586
10000 1 15.941642 18.035482 15.941642 18.035482 626
20000 2 16.235271 17.536896 16.088457 17.786190 604
30000 3 16.856518 17.387814 16.344477 17.653399 614
40000 4 16.612865 14.822415 16.411575 16.945654 623
50000 5 16.026472 16.292025 16.334555 16.814928 625
60000 6 16.791414 17.999786 16.410698 17.012403 622
70000 7 17.212639 18.603479 16.525261 17.239698 603
80000 8 17.069859 16.446478 16.593336 17.140545 620
90000 9 17.155792 18.392124 16.655830 17.279610 581
100000 10 15.992320 18.429134 16.589479 17.394562 609
110000 11 16.451109 14.712875 16.576900 17.150772 641
120000 12 17.042597 17.494204 16.615709 17.179392 601
130000 13 17.036854 15.206787 16.648106 17.027653 610
140000 14 17.388327 15.261260 16.700977 16.901482 609
150000 15 17.009184 17.493774 16.721525 16.940968 652
160000 16 15.703815 15.905801 16.657919 16.876270 586
170000 17 16.187229 18.390053 16.630232 16.965317 588
180000 18 15.471386 16.764275 16.565849 16.954149 600
190000 19 16.476032 17.018251 16.561123 16.957523 652
200000 20 15.252369 17.738855 16.495686 16.996590 658
210000 21 15.035047 17.560734 16.426130 17.023453 549
220000 22 16.804014 18.545010 16.443306 17.092613 624
230000 23 16.792870 16.915144 16.458506 17.084896 576
240000 24 17.030817 15.892843 16.482351 17.035227 652
250000 25 16.507263 17.472162 16.483347 17.052706 634
260000 26 17.099363 20.596916 16.507040 17.189022 618
270000 27 15.432611 17.781271 16.467247 17.210958 586
280000 28 15.275491 16.910807 16.424685 17.200239 609
290000 29 16.036108 17.717880 16.411285 17.218090 594
300000 30 17.097298 16.842537 16.434153 17.205572 641
10000 1 17.135876 17.482666 17.135876 17.482666 605
20000 2 17.645950 18.259882 17.390913 17.871273 566
30000 3 16.550619 14.811480 17.110815 16.851341 555
40000 4 16.930437 16.892973 17.065720 16.861750 596
50000 5 18.039616 15.045177 17.260498 16.498434 601
60000 6 16.871014 18.080425 17.195585 16.762100 556
70000 7 16.007265 19.978291 17.025824 17.221556 561
80000 8 17.040119 17.715816 17.027611 17.283339 556
90000 9 16.490692 17.945187 16.967953 17.356878 575
100000 10 16.695679 17.278402 16.940725 17.349030 543
110000 11 17.409986 15.395490 16.983385 17.171434 574
120000 12 16.316223 17.620361 16.927788 17.208845 634
130000 13 16.440104 18.117210 16.890274 17.278719 545
140000 14 17.936153 17.330236 16.964979 17.282398 616
150000 15 16.402365 15.979521 16.927471 17.195539 595
160000 16 16.563435 17.867472 16.904718 17.237535 611
170000 17 16.521418 17.181240 16.882172 17.234224 549
180000 18 17.813845 18.118011 16.933931 17.283323 608
190000 19 18.127171 18.707449 16.996733 17.358278 609
200000 20 17.827919 14.479880 17.038292 17.214359 643
210000 21 15.681066 17.715946 16.973661 17.238243 609
220000 22 15.594806 18.660736 16.910988 17.302902 607
230000 23 15.700058 15.411637 16.858339 17.220675 581
240000 24 17.031397 14.575416 16.865549 17.110455 595
250000 25 16.104782 18.013243 16.835119 17.146566 560
260000 26 17.070910 16.731791 16.844189 17.130613 583
270000 27 17.371290 18.163488 16.863710 17.168867 614
280000 28 16.933575 16.056686 16.866205 17.129147 615
290000 29 16.300737 17.113987 16.846706 17.128624 557
300000 30 16.458218 19.205614 16.833757 17.197857 608
10000 1 16.436977 19.279743 16.436977 19.279743 579
20000 2 18.080341 17.967951 17.258659 18.623848 614
30000 3 15.984225 17.493979 16.833849 18.247225 597
40000 4 17.048689 11.996815 16.887560 16.684624 615
50000 5 18.374693 17.100649 17.184986 16.767828 554
60000 6 17.677765 15.681949 17.267115 16.586847 577
70000 7 17.087543 12.001376 17.241461 15.931780 601
80000 8 16.081602 16.799189 17.096478 16.040207 621
90000 9 16.459970 17.565105 17.025755 16.209641 599
100000 10 16.700773 17.662838 16.993258 16.354961 604
110000 11 18.127199 15.837896 17.096342 16.307955 633
120000 12 17.229753 18.269121 17.107460 16.471384 571
130000 13 17.993275 17.191763 17.175600 16.526798 586
140000 14 16.820484 19.105286 17.150234 16.710976 613
150000 15 16.137484 15.472032 17.082716 16.628380 624
160000 16 16.526314 15.788680 17.047941 16.575897 622
170000 17 17.235804 13.861472 17.058992 16.416225 574
180000 18 15.656139 16.511271 16.981056 16.421505 561
190000 19 15.725905 14.633736 16.914993 16.327412 597
200000 20 17.534792 16.881922 16.945984 16.355137 623
210000 21 17.403770 16.900606 16.967783 16.381111 598
220000 22 16.507126 17.748556 16.946844 16.443268 559
230000 23 16.631638 15.448685 16.933140 16.400024 608
240000 24 17.212017 13.242388 16.944759 16.268457 573
250000 25 17.071110 14.830078 16.949814 16.210922 621
260000 26 16.565088 16.804668 16.935017 16.233759 573
270000 27 16.414392 19.291971 16.915733 16.347025 605
280000 28 17.592566 19.189499 16.939905 16.448542 578
290000 29 15.255787 15.965503 16.881832 16.431887 573
300000 30 15.470219 18.173311 16.834778 16.489935 584
10000 1 15.811545 16.456223 15.811545 16.456223 632
20000 2 15.728626 18.377539 15.770086 17.416882 546
30000 3 16.394405 17.172995 15.978192 17.335587 578
40000 4 16.184086 16.959728 16.029667 17.241623 584
50000 5 16.036184 16.907324 16.030972 17.174763 606
60000 6 16.625631 17.387878 16.130083 17.210281 566
70000 7 17.319893 16.948757 16.300056 17.172922 493
80000 8 16.247566 16.995649 16.293495 17.150763 589
90000 9 17.258881 19.007650 16.400761 17.357082 593
100000 10 17.200642 15.454301 16.480747 17.166805 601
110000 11 17.330070 19.151325 16.557959 17.347216 629
120000 12 16.867052 18.830896 16.583715 17.470856 609
130000 13 16.010315 15.484709 16.539608 17.318075 588
140000 14 16.125925 15.094454 16.510059 17.159245 540
150000 15 15.777630 17.548542 16.461231 17.185200 552
160000 16 15.459749 18.963806 16.398640 17.296362 588
170000 17 17.026281 18.427450 16.435560 17.362898 582
180000 18 18.222408 16.652214 16.534828 17.323416 614
190000 19 16.755096 17.079556 16.546421 17.310581 581
200000 20 17.407133 17.223661 16.589457 17.306234 556
210000 21 16.645838 16.267143 16.592142 17.256754 595
220000 22 14.487080 17.664772 16.496458 17.275301 532
230000 23 16.092266 16.393814 16.478884 17.236975 551
240000 24 16.933456 17.365585 16.497824 17.242332 520
250000 25 16.900145 17.430414 16.513916 17.249855 583
260000 26 17.055227 17.096901 16.534737 17.243971 561
270000 27 16.632935 18.154560 16.538374 17.277697 581
280000 28 15.454912 16.889702 16.499680 17.263840 557
290000 29 15.689044 8.735186 16.471727 16.969749 573
300000 30 16.898579 16.874554 16.485956 16.966576 584
