10000 1 36.318100 38.865257 36.318100 38.865257 1313
20000 2 30.291298 51.599766 33.304699 45.232513 1289
30000 3 26.176571 74.072029 30.928656 54.845684 1352
40000 4 24.627073 36.697746 29.353260 50.308701 1357
50000 5 25.420464 76.974869 28.566700 55.641930 1304
60000 6 27.711924 85.405746 28.424238 60.602570 1321
70000 7 33.006554 31.645847 29.078854 56.465893 1408
80000 8 22.042690 22.736767 28.199333 52.249752 1344
90000 9 22.800663 46.460011 27.599480 51.606449 1347
100000 10 28.190781 63.766331 27.658611 52.822437 1437
110000 11 37.144188 96.073013 28.520937 56.754307 1443
120000 12 23.732548 18.727173 28.121904 53.585377 1311
130000 13 31.296621 51.114330 28.366116 53.395298 1343
140000 14 37.541561 42.083687 29.021503 52.587322 1433
150000 15 23.386738 39.212193 28.645853 51.695652 1378
160000 16 36.873341 69.897987 29.160072 52.833298 1381
170000 17 26.896269 63.630543 29.026907 53.468430 1319
180000 18 34.016312 37.648338 29.304098 52.589535 1359
190000 19 31.307169 63.489403 29.409523 53.163212 1383
200000 20 31.090172 68.681335 29.493555 53.939117 1375
210000 21 41.606873 79.675423 30.070379 55.164654 1335
220000 22 48.186478 101.850060 30.893837 57.286720 1371
230000 23 23.669373 12.183736 30.579731 55.325722 1338
240000 24 25.386320 57.387104 30.363337 55.411610 1425
250000 25 34.387341 38.655792 30.524298 54.741379 1375
260000 26 35.425114 52.388519 30.712790 54.650883 1350
270000 27 31.600506 49.412521 30.745668 54.456867 1387
280000 28 28.698915 58.146717 30.672571 54.588650 1400
290000 29 26.437307 56.647160 30.526527 54.659634 1345
300000 30 31.824047 50.659008 30.569777 54.526283 1403
10000 1 32.218403 44.413048 32.218403 44.413048 1299
20000 2 32.146973 54.116978 32.182686 49.265015 1300
30000 3 26.544092 50.752804 30.303154 49.760944 1293
40000 4 23.242756 64.408546 28.538055 53.422844 1311
50000 5 31.205204 20.248228 29.071484 46.787922 1381
60000 6 24.027403 67.732674 28.230804 50.278713 1325
70000 7 30.004454 23.628986 28.484182 46.471611 1346
80000 8 36.177162 51.848438 29.445805 47.143715 1331
90000 9 25.274252 48.674084 28.982300 47.313755 1346
100000 10 35.176788 35.700535 29.601749 46.152431 1368
110000 11 42.949150 65.848961 30.815149 47.943027 1319
120000 12 30.986235 57.129448 30.829407 48.708561 1308
130000 13 48.144623 75.589195 32.161346 50.776302 1304
140000 14 50.448376 92.425659 33.467564 53.751255 1276
150000 15 34.967529 67.635330 33.567562 54.676861 1439
160000 16 37.489689 62.607090 33.812695 55.172501 1398
170000 17 33.816925 80.166748 33.812946 56.642750 1314
180000 18 32.582039 56.102295 33.744560 56.612724 1389
190000 19 32.798721 50.322575 33.694778 56.281666 1360
200000 20 41.208820 76.307549 34.070480 57.282959 1339
210000 21 24.593138 24.010216 33.619179 55.698544 1271
220000 22 32.530060 23.083492 33.569675 54.216042 1313
230000 23 28.964470 49.675941 33.369450 54.018646 1284
240000 24 36.066902 53.279610 33.481842 53.987854 1332
250000 25 28.844069 53.280922 33.296329 53.959576 1444
260000 26 21.354336 35.109837 32.837021 53.234585 1292
270000 27 37.791943 74.141304 33.020538 54.008911 1391
280000 28 36.144104 61.462727 33.132095 54.275120 1384
290000 29 27.332733 77.783607 32.932117 55.085758 1276
300000 30 44.745029 71.627823 33.325882 55.637157 1352
10000 1 25.436930 45.776730 25.436930 45.776730 1339
20000 2 35.243137 67.699585 30.340034 56.738159 1341
30000 3 27.508747 45.861889 29.396271 53.112736 1327
40000 4 36.078537 61.103764 31.066837 55.110493 1207
50000 5 27.909838 78.553192 30.435436 59.799034 1329
60000 6 34.524151 39.315540 31.116890 56.385120 1281
70000 7 26.149916 79.940781 30.407322 59.750217 1387
80000 8 27.071136 42.944546 29.990299 57.649509 1299
90000 9 25.755575 66.791878 29.519775 58.665329 1289
100000 10 19.793924 41.304909 28.547190 56.929291 1242
110000 11 32.366543 21.485748 28.894403 53.707153 1361
120000 12 43.402157 57.821545 30.103384 54.050018 1323
130000 13 32.453705 58.572151 30.284178 54.397873 1334
140000 14 46.310921 75.604111 31.428944 55.912605 1353
150000 15 37.727211 73.674583 31.848827 57.096737 1336
160000 16 35.997379 61.844151 32.108112 57.393452 1290
170000 17 30.963886 79.822807 32.040802 58.712826 1281
180000 18 30.520329 51.150307 31.956329 58.292683 1283
190000 19 39.912663 88.118118 32.375084 59.862446 1362
200000 20 37.162823 79.780167 32.614471 60.858330 1265
210000 21 27.649799 73.179398 32.378059 61.445049 1288
220000 22 26.331482 69.861092 32.103214 61.827599 1306
230000 23 34.231010 121.259895 32.195728 64.411613 1387
240000 24 24.946218 83.331772 31.893667 65.199959 1311
250000 25 36.470264 63.120926 32.076733 65.116798 1314
260000 26 36.588612 53.373264 32.250267 64.665123 1286
270000 27 22.518557 41.666477 31.889833 63.813324 1259
280000 28 30.611349 74.809624 31.844173 64.206047 1341
290000 29 23.563644 45.627392 31.558638 63.565403 1324
300000 30 24.885248 87.282333 31.336191 64.355972 1260
10000 1 27.407923 29.418604 27.407923 29.418604 1293
20000 2 33.477642 67.540573 30.442783 48.479588 1229
30000 3 18.274593 29.712210 26.386719 42.223797 1252
40000 4 26.956282 76.032242 26.529110 50.675907 1279
50000 5 28.993164 30.492197 27.021921 46.639168 1272
60000 6 36.973839 56.248405 28.680573 48.240707 1332
70000 7 32.434944 67.364151 29.216909 50.972630 1266
80000 8 36.063686 58.787144 30.072758 51.949444 1340
90000 9 26.666492 68.593781 29.694284 53.798813 1288
100000 10 36.098312 39.823009 30.334686 52.401234 1297
110000 11 33.535553 34.525806 30.625673 50.776196 1287
120000 12 22.372114 15.370423 29.937876 47.825714 710
130000 13 26.350245 64.875587 29.661905 49.137245 1352
140000 14 28.926455 63.753811 29.609373 50.181282 1294
150000 15 36.104313 35.254356 30.042368 49.186153 1311
160000 16 44.177288 97.507866 30.925800 52.206261 1347
170000 17 25.495808 58.644470 30.606388 52.584980 1340
180000 18 41.733562 58.409023 31.224566 52.908535 1273
190000 19 35.784721 68.253448 31.464575 53.716160 1310
200000 20 32.346306 54.476799 31.508661 53.754192 1180
210000 21 41.162292 54.395420 31.968357 53.784725 1335
220000 22 31.783623 77.769852 31.959961 54.874962 1284
230000 23 33.897938 50.343052 32.044220 54.677921 1290
240000 24 21.792143 61.852562 31.617050 54.976864 1328
250000 25 21.869043 19.909065 31.227129 53.574150 1361
260000 26 49.559715 84.871407 31.932228 54.777893 1213
270000 27 42.405254 64.585922 32.320118 55.141155 1046
280000 28 38.969616 24.284151 32.557598 54.039120 1258
290000 29 42.780975 62.416595 32.910126 54.327999 1313
300000 30 18.704409 39.243301 32.436604 53.825176 1306
10000 1 30.130810 76.101845 30.130810 76.101845 1293
20000 2 32.872150 34.064205 31.501480 55.083023 1213
30000 3 39.064640 59.371891 34.022533 56.512646 1253
40000 4 38.062794 79.463982 35.032597 62.250481 1268
50000 5 28.680012 20.118526 33.762077 53.824089 1208
60000 6 27.634783 57.529938 32.740864 54.441730 1258
70000 7 21.309551 52.123447 31.107821 54.110546 1256
80000 8 33.497742 84.613792 31.406561 57.923454 1299
90000 9 29.965343 57.581707 31.246426 57.885483 1217
100000 10 31.844431 43.796551 31.306225 56.476593 1308
110000 11 20.313496 32.640594 30.306887 54.309681 1247
120000 12 31.354191 28.831652 30.394163 52.186512 1302
130000 13 38.623703 89.662880 31.027203 55.069313 1258
140000 14 38.296906 79.922371 31.546467 56.844532 1267
150000 15 26.934139 35.133190 31.238979 55.397106 1242
160000 16 34.888504 80.146187 31.467075 56.943924 1193
170000 17 30.756897 56.790405 31.425301 56.934895 1296
180000 18 22.995237 45.728546 30.956963 56.312317 1240
190000 19 27.281952 55.650276 30.763544 56.277473 1249
200000 20 20.456945 34.037777 30.248215 55.165485 1280
210000 21 30.255882 64.032516 30.248579 55.587723 1201
220000 22 42.765415 60.321007 30.817528 55.802872 1257
230000 23 25.097666 51.445084 30.568836 55.613403 1210
240000 24 40.288731 70.383522 30.973833 56.228825 1219
250000 25 41.513542 69.697937 31.395422 56.767590 1323
260000 26 22.321310 62.962898 31.046417 57.005867 1214
270000 27 29.789358 57.336174 30.999861 57.018101 1256
280000 28 32.191589 85.140594 31.042421 58.022480 1216
290000 29 39.780457 46.069725 31.343733 57.610313 1231
300000 30 18.933798 30.687134 30.930067 56.712875 1298
10000 1 33.472649 60.970631 33.472649 60.970631 1283
20000 2 35.720901 57.186337 34.596775 59.078484 1191
30000 3 22.801443 37.214592 30.664999 51.790516 1196
40000 4 26.544518 38.713715 29.634878 48.521317 1257
50000 5 45.069332 70.150818 32.721767 52.847218 1208
60000 6 42.272446 73.497261 34.313549 56.288891 1247
70000 7 35.749821 59.929344 34.518730 56.808956 1287
80000 8 34.159241 65.508018 34.473793 57.896339 1266
90000 9 39.766113 63.808022 35.061829 58.553196 1225
100000 10 34.317303 92.564163 34.987373 61.954292 1278
110000 11 21.284431 44.109608 33.741650 60.332047 979
120000 12 26.267704 61.773514 33.118820 60.452168 1273
130000 13 30.081942 82.323418 32.885216 62.134575 1235
140000 14 34.331032 68.140869 32.988487 62.563595 1225
150000 15 29.990168 34.283432 32.788597 60.678249 1214
160000 16 33.036518 27.016809 32.804092 58.574409 1222
170000 17 26.617844 45.828850 32.440197 57.824673 1251
180000 18 36.288879 73.858849 32.654011 58.715462 1221
190000 19 39.537525 75.038498 33.016304 59.574566 1210
200000 20 24.030008 44.429649 32.566990 58.817322 1322
210000 21 30.424694 9.986986 32.464973 56.492065 1266
220000 22 26.494873 46.558186 32.193607 56.040527 1236
230000 23 29.294367 63.744179 32.067554 56.375465 1246
240000 24 24.046154 19.951956 31.733330 54.857819 1243
250000 25 28.260597 47.584202 31.594421 54.566875 1255
260000 26 29.185047 48.999523 31.501753 54.352745 1209
270000 27 29.346069 46.154072 31.421913 54.049091 1236
280000 28 55.192917 80.894249 32.270878 55.007847 1179
290000 29 32.920586 28.074055 32.293282 54.079098 1184
300000 30 31.407967 65.102737 32.263771 54.446552 1174
10000 1 27.497889 40.770771 27.497889 40.770771 1179
20000 2 44.922661 97.343025 36.210274 69.056900 1254
30000 3 23.545053 45.358273 31.988533 61.157360 1232
40000 4 21.048658 46.674343 29.253565 57.536606 1218
50000 5 24.319262 63.581455 28.266705 58.745575 1195
60000 6 26.881720 37.028069 28.035873 55.125992 1117
70000 7 21.913973 13.666994 27.161316 49.203278 724
80000 8 20.167124 13.385718 26.287043 44.726082 782
90000 9 24.513977 17.993822 26.090034 41.755833 693
100000 10 33.468967 61.409607 26.827927 43.721210 1227
110000 11 19.867512 31.293697 26.195162 42.591434 939
120000 12 37.653473 49.790760 27.150023 43.191376 1232
130000 13 21.598576 67.382133 26.722988 45.052204 668
140000 14 24.882431 30.191694 26.591518 43.990742 841
150000 15 37.285511 61.645920 27.304451 45.167751 1189
160000 16 35.912567 76.711334 27.842459 47.139229 1259
170000 17 36.535568 63.481354 28.353817 48.100529 1256
180000 18 20.276596 35.341759 27.905083 47.391708 1162
190000 19 32.022297 16.632412 28.121778 45.772797 1175
200000 20 33.444603 94.348534 28.387918 48.201580 1190
210000 21 31.245066 98.133675 28.523972 50.579300 1277
220000 22 37.953152 57.707062 28.952570 50.903286 1184
230000 23 23.005136 55.115906 28.693985 51.086449 699
240000 24 22.971426 57.533772 28.455545 51.355087 716
250000 25 23.289528 64.211555 28.248907 51.869347 776
260000 26 21.138033 27.539497 27.975412 50.933586 673
270000 27 22.192295 28.725325 27.761223 50.111057 700
280000 28 24.482529 73.759018 27.644129 50.955627 697
290000 29 24.611860 66.803215 27.539568 51.502098 702
300000 30 25.672955 81.606941 27.477348 52.505592 757
10000 1 20.903694 32.114697 20.903694 32.114697 683
20000 2 23.725254 63.107944 22.314474 47.611320 716
30000 3 22.966518 52.434296 22.531822 49.218979 701
40000 4 23.469366 70.687653 22.766209 54.586147 639
50000 5 26.725523 82.493645 23.558071 60.167645 719
60000 6 21.279459 52.879009 23.178305 58.952869 672
70000 7 20.255278 25.176195 22.760729 54.127632 641
80000 8 25.937223 79.668770 23.157791 57.320274 680
90000 9 21.214714 54.262299 22.941895 56.980495 697
100000 10 21.358788 58.417118 22.783585 57.124157 632
110000 11 22.689857 67.128120 22.775063 58.033607 669
120000 12 22.828608 57.987892 22.779526 58.029800 671
130000 13 19.824041 26.797188 22.552181 55.627293 654
140000 14 21.205147 57.472725 22.455963 55.759106 656
150000 15 24.791876 76.244240 22.611691 57.124783 694
160000 16 23.953430 32.394154 22.695549 55.579121 702
170000 17 20.864916 24.493155 22.587866 53.750534 631
180000 18 20.750700 44.333130 22.485802 53.227345 675
190000 19 21.500463 55.705379 22.433943 53.357769 665
200000 20 19.876600 44.624336 22.306074 52.921101 700
210000 21 22.670719 52.544544 22.323439 52.903168 643
220000 22 22.526049 63.160221 22.332649 53.369400 650
230000 23 20.696959 38.972271 22.261534 52.743439 660
240000 24 20.346004 31.662422 22.181719 51.865067 641
250000 25 25.558115 63.213795 22.316774 52.319016 675
260000 26 25.759567 78.373894 22.449190 53.321125 620
270000 27 21.806589 30.286335 22.425390 52.467987 660
280000 28 22.929644 49.823208 22.443399 52.373531 637
290000 29 25.372139 68.951050 22.544390 52.945168 681
300000 30 22.439997 40.005474 22.540911 52.513847 647
10000 1 22.988401 66.131523 22.988401 66.131523 676
20000 2 21.836697 59.511185 22.412548 62.821354 648
30000 3 21.696575 54.655880 22.173889 60.099529 712
40000 4 20.729254 32.163612 21.812731 53.115547 672
50000 5 21.166483 56.286098 21.683481 53.749657 725
60000 6 19.619175 27.907129 21.339430 49.442570 669
70000 7 20.927259 50.687679 21.280548 49.620445 624
80000 8 21.852554 37.731258 21.352049 48.134296 691
90000 9 18.954239 34.131939 21.085625 46.578476 599
100000 10 19.704987 37.869419 20.947561 45.707573 628
110000 11 18.082504 16.609074 20.687101 43.062256 649
120000 12 17.771111 24.033134 20.444101 41.476498 519
130000 13 17.674603 21.967827 20.231062 39.975830 485
140000 14 16.958559 13.953435 19.997313 38.117088 457
150000 15 16.517090 13.040185 19.765297 36.445293 480
160000 16 16.325939 14.462861 19.550337 35.071392 448
170000 17 16.524973 11.543479 19.372374 33.687397 513
180000 18 16.773632 17.275143 19.227999 32.775604 473
190000 19 17.276823 14.610897 19.125305 31.819567 487
200000 20 17.602140 15.908175 19.049147 31.023998 508
210000 21 18.442001 18.159201 19.020235 30.411388 497
220000 22 17.501812 16.007765 18.951216 29.756678 539
230000 23 18.478857 11.306092 18.930679 28.954479 439
240000 24 17.412254 14.732678 18.867413 28.361902 466
250000 25 17.616077 18.217693 18.817360 27.956135 451
260000 26 17.139133 17.927437 18.752811 27.570415 496
270000 27 17.732479 17.410887 18.715021 27.194138 491
280000 28 18.097961 13.623476 18.692984 26.709471 480
290000 29 17.740017 15.093071 18.660122 26.308905 517
300000 30 17.767117 16.563486 18.630354 25.984058 492
