5000 1 P -106.937241 -469.626312 -297.967957 2.110000 0.000000 1.000000
5000 2 S -107.728485 -473.356232 -298.627075 1.800000 0.000000 0.000000
5000 3 G -111.236519 -472.895691 -298.674774 1.530000 0.000000 0.000000
5000 4 P -109.012459 -476.091431 -301.252441 2.110000 0.000000 0.000000
5000 5 S -109.889465 -479.511658 -299.361115 1.800000 0.000000 0.000000
5000 6 G -112.174881 -477.551270 -297.968018 1.530000 0.000000 0.000000
5000 7 P -111.590668 -478.802216 -302.758789 2.110000 0.000000 0.000000
5000 8 S -115.277573 -480.052307 -303.192535 1.800000 0.000000 0.000000
5000 9 G -116.448090 -477.755402 -300.974976 1.530000 0.000000 0.000000
5000 10 P -116.449158 -478.034302 -306.349152 2.110000 0.000000 0.000000
5000 11 S -120.165314 -477.069305 -305.165710 1.800000 0.000000 0.000000
5000 12 C -119.608528 -474.734680 -303.092224 1.530000 0.000000 0.000000
5000 13 P -120.635590 -474.315796 -307.942383 2.110000 0.000000 0.000000
5000 14 S -123.798119 -472.616394 -306.542938 1.800000 0.000000 0.000000
5000 15 C -122.855392 -470.960938 -303.760345 1.530000 0.000000 0.000000
5000 16 P -126.354408 -475.458313 -305.032288 2.110000 0.000000 0.000000
5000 17 S -126.882408 -474.362610 -301.182495 1.800000 0.000000 0.000000
5000 18 G -127.711189 -471.592194 -302.617767 1.530000 0.000000 0.000000
5000 19 P -130.418884 -475.888947 -301.738434 2.110000 0.000000 0.000000
5000 20 S -133.090134 -473.352173 -300.497375 1.800000 0.000000 0.000000
5000 21 G -132.095016 -470.599976 -301.997894 1.530000 0.000000 0.000000
5000 22 P -134.084747 -474.124908 -304.454132 2.110000 0.000000 0.000000
5000 23 S -135.256775 -471.063293 -306.695892 1.800000 0.000000 0.000000
5000 24 G -132.140244 -469.607758 -306.920044 1.530000 0.000000 0.000000
5000 25 P -134.618896 -470.322876 -310.532501 2.110000 0.000000 0.000000
5000 26 S -134.664368 -466.457336 -310.670990 1.800000 0.000000 0.000000
5000 27 C -131.310303 -466.136566 -310.715240 1.530000 0.000000 0.000000
5000 28 P -134.001846 -466.534973 -314.477295 2.110000 0.000000 0.000000
5000 29 S -132.804428 -462.814148 -313.961609 1.800000 0.000000 0.000000
5000 30 G -129.526138 -462.308655 -313.321198 1.530000 0.000000 0.000000
5000 31 P -131.631439 -461.074402 -317.281982 2.110000 0.000000 0.000000
5000 32 S -129.213440 -458.012024 -316.684967 1.800000 0.000000 0.000000
5000 33 C -126.595146 -459.925720 -316.135834 1.530000 0.000000 0.000000
5000 34 P -128.013077 -456.868347 -320.098358 2.110000 0.000000 0.000000
5000 35 S -124.263603 -456.493835 -320.963104 1.800000 0.000000 0.000000
5000 36 G -123.321655 -459.623016 -319.956879 1.530000 0.000000 0.000000
5000 37 P -124.339577 -456.906281 -324.753632 2.110000 0.000000 0.000000
5000 38 S -125.312309 -453.424225 -326.058075 1.800000 0.000000 0.000000
5000 39 G -123.671661 -451.050476 -324.243988 1.530000 0.000000 0.000000
5000 40 P -122.109970 -454.518768 -327.868286 2.110000 0.000000 0.000000
5000 41 S -119.965485 -451.457794 -328.957916 1.800000 0.000000 0.000000
5000 42 U -119.343994 -449.473297 -326.155182 1.530000 0.000000 0.000000
5000 43 P -116.819618 -453.637604 -328.838684 2.110000 0.000000 0.000000
5000 44 S -113.190727 -452.401733 -327.642273 1.800000 0.000000 0.000000
5000 45 G -113.310890 -452.611847 -324.341888 1.530000 0.000000 0.000000
5000 46 P -111.369835 -455.996399 -327.777252 2.110000 0.000000 0.000000
5000 47 S -109.495392 -457.265686 -324.520172 1.800000 0.000000 0.000000
5000 48 G -111.474777 -456.589020 -321.733307 1.530000 0.000000 0.000000
5000 49 P -110.214478 -461.111206 -324.264893 2.110000 0.000000 0.000000
5000 50 S -110.678017 -462.889160 -320.837555 1.800000 0.000000 0.000000
5000 51 C -113.374008 -460.954498 -320.151031 1.530000 0.000000 0.000000
5000 52 P -112.241531 -466.295624 -322.529663 2.110000 0.000000 0.000000
5000 53 S -115.048149 -468.761017 -321.008392 1.800000 0.000000 0.000000
5000 54 G -117.641556 -466.703003 -321.563934 1.530000 0.000000 0.000000
5000 55 P -114.275497 -469.675018 -317.304413 2.110000 0.000000 0.000000
5000 56 S -113.796455 -465.883362 -316.228088 1.800000 0.000000 0.000000
5000 57 C -116.905991 -464.695282 -316.721283 1.530000 0.000000 0.000000
5000 58 P -114.381020 -465.026855 -312.579468 2.110000 0.000000 0.000000
5000 59 S -115.554253 -461.437164 -311.052246 1.800000 0.000000 0.000000
5000 60 G -118.658890 -461.665497 -312.632629 1.530000 0.000000 0.000000
5000 61 P -116.856415 -461.414581 -307.403351 2.110000 0.000000 0.000000
5000 62 S -119.902626 -458.727264 -307.120544 1.800000 0.000000 0.000000
5000 63 C -122.380486 -459.575531 -309.133331 1.530000 0.000000 0.000000
5000 64 P -121.689545 -457.285400 -304.139709 2.110000 0.000000 0.000000
5000 65 S -125.402039 -457.369049 -305.057648 1.800000 0.000000 0.000000
5000 66 G -125.930000 -460.474548 -305.813141 1.530000 0.000000 0.000000
5000 67 P -128.588135 -455.814636 -302.847351 2.110000 0.000000 0.000000
5000 68 S -131.609512 -457.576233 -304.728943 1.800000 0.000000 0.000000
5000 69 C -130.698975 -460.940277 -304.431335 1.530000 0.000000 0.000000
5000 70 P -134.735641 -457.673950 -302.347137 2.110000 0.000000 0.000000
5000 71 S -137.451706 -460.622925 -302.631104 1.800000 0.000000 0.000000
5000 72 C -134.890945 -462.496460 -303.489594 1.530000 0.000000 0.000000
5000 73 P -137.421158 -461.967560 -298.917236 2.110000 0.000000 0.000000
5000 74 S -138.074188 -465.215271 -301.080170 1.800000 0.000000 0.000000
5000 75 U -134.873306 -466.726807 -301.257477 1.530000 0.000000 0.000000
5000 76 P -139.293671 -467.953522 -298.743591 2.110000 0.000000 0.000000
5000 77 S -136.990662 -469.714050 -296.284821 1.800000 0.000000 0.000000
5000 78 G -139.231796 -472.144867 -297.041595 1.530000 0.000000 0.000000
5000 79 P -135.660355 -472.266357 -293.741882 2.110000 0.000000 0.000000
5000 80 S -132.205322 -470.360046 -293.682526 1.800000 0.000000 0.000000
5000 81 U -131.186508 -471.218872 -290.701691 1.530000 0.000000 0.000000
5000 82 P -133.192688 -466.871857 -292.363983 2.110000 0.000000 0.000000
5000 83 S -130.083008 -464.714111 -291.479645 1.800000 0.000000 0.000000
5000 84 A -128.235611 -465.020386 -294.207306 1.530000 0.000000 0.000000
5000 85 P -131.159760 -461.229492 -292.876434 2.110000 0.000000 0.000000
5000 86 S -127.851128 -459.579590 -294.525543 1.800000 0.000000 0.000000
5000 87 G -126.231209 -460.456207 -297.344543 1.530000 0.000000 0.000000
5000 88 P -128.790314 -456.395050 -296.675537 2.110000 0.000000 0.000000
5000 89 S -126.280159 -454.401886 -294.344421 1.800000 0.000000 0.000000
5000 90 U -123.321594 -456.090546 -294.746674 1.530000 0.000000 0.000000
5000 91 P -126.243187 -451.149536 -296.788330 2.110000 0.000000 0.000000
5000 92 S -122.664902 -450.318665 -295.468018 1.800000 0.000000 0.000000
5000 93 C -121.256172 -452.749847 -297.437500 1.530000 0.000000 0.000000
5000 94 P -120.418190 -447.516174 -297.186127 2.110000 0.000000 0.000000
5000 95 S -116.647835 -448.315216 -298.112854 1.800000 0.000000 0.000000
5000 96 C -117.321121 -451.387115 -299.873871 1.530000 0.000000 0.000000
5000 97 P -114.982956 -447.234772 -301.410828 2.110000 0.000000 0.000000
5000 98 S -112.462097 -450.278198 -301.406067 1.800000 0.000000 0.000000
5000 99 C -114.412094 -451.464691 -303.974213 1.530000 0.000000 0.000000
5000 100 P -109.804855 -448.212128 -303.872009 2.110000 0.000000 0.000000
5000 101 S -108.976151 -450.931122 -306.593018 1.800000 0.000000 0.000000
5000 102 A -107.607765 -452.841492 -304.134125 1.530000 0.000000 0.000000
5000 103 P -107.774368 -452.824280 -309.812286 2.110000 0.000000 0.000000
5000 104 S -110.839287 -455.291016 -310.053802 1.800000 0.000000 0.000000
5000 105 G -111.872932 -454.857361 -313.277313 1.530000 0.000000 0.000000
5000 106 P -112.233200 -451.612732 -308.837311 2.110000 0.000000 0.000000
5000 107 S -111.352325 -449.409546 -311.973114 1.800000 0.000000 0.000000
5000 108 C -112.933273 -450.726257 -314.860352 1.530000 0.000000 0.000000
5000 109 P -113.919716 -446.409668 -311.287628 2.110000 0.000000 0.000000
5000 110 S -114.858299 -445.197052 -314.837280 1.800000 0.000000 0.000000
5000 111 U -115.921898 -447.820160 -316.910706 1.530000 0.000000 0.000000
5000 112 P -117.450294 -442.319305 -315.624695 2.110000 0.000000 0.000000
5000 113 S -119.401917 -443.140869 -318.893524 1.800000 0.000000 0.000000
5000 114 A -120.382637 -446.270721 -318.015656 1.530000 0.000000 0.000000
5000 115 P -121.779030 -440.622192 -316.910828 2.110000 0.000000 0.000000
5000 116 S -124.881668 -442.819916 -315.891998 1.800000 0.000000 0.000000
5000 117 C -124.942039 -445.182098 -318.226654 1.530000 0.000000 0.000000
5000 118 P -123.596474 -445.183350 -313.229156 2.110000 0.000000 0.000000
5000 119 S -126.198471 -447.945679 -314.384674 1.800000 0.000000 0.000000
5000 120 U -124.492500 -449.644714 -316.692078 1.530000 0.000000 0.000000
5000 121 P -124.062920 -450.774078 -312.585724 2.110000 0.000000 0.000000
5000 122 S -124.834869 -453.829163 -315.021271 1.800000 0.000000 0.000000
5000 123 C -123.425919 -453.447876 -318.156372 1.530000 0.000000 0.000000
5000 124 P -122.837860 -457.081512 -313.863800 2.110000 0.000000 0.000000
5000 125 S -118.966866 -456.188354 -314.254181 1.800000 0.000000 0.000000
5000 126 G -119.312012 -453.726227 -311.883423 1.530000 0.000000 0.000000
5000 127 P -117.127899 -458.108002 -311.416809 2.110000 0.000000 0.000000
5000 128 S -114.303986 -455.568542 -310.773254 1.800000 0.000000 0.000000
5000 129 G -115.518585 -453.182281 -308.883270 1.530000 0.000000 0.000000
5000 130 P -113.495361 -457.872162 -307.851807 2.110000 0.000000 0.000000
5000 131 S -114.036629 -455.040161 -305.258667 1.800000 0.000000 0.000000
5000 132 G -117.102150 -456.381287 -305.062592 1.530000 0.000000 0.000000
5000 133 P -113.248245 -457.373047 -302.530121 2.110000 0.000000 0.000000
5000 134 S -115.939133 -457.752350 -299.668304 1.800000 0.000000 0.000000
5000 135 A -117.915436 -459.790222 -301.451721 1.530000 0.000000 0.000000
5000 136 P -116.386734 -460.189209 -296.509064 2.110000 0.000000 0.000000
5000 137 S -119.961403 -461.689789 -296.723969 1.800000 0.000000 0.000000
5000 138 G -119.293701 -463.457886 -299.510834 1.530000 0.000000 0.000000
5000 139 P -119.122505 -464.509399 -294.477753 2.110000 0.000000 0.000000
5000 140 S -122.807152 -465.718475 -295.280487 1.800000 0.000000 0.000000
5000 141 G -121.091484 -467.690826 -297.685272 1.530000 0.000000 0.000000
5000 142 P -122.850327 -468.633362 -292.911316 2.110000 0.000000 0.000000
5000 143 S -124.822754 -471.038910 -295.029327 1.800000 0.000000 0.000000
5000 144 C -122.209274 -472.134979 -296.571716 1.530000 0.000000 0.000000
5000 145 P -124.711548 -473.922302 -292.415344 2.110000 0.000000 0.000000
5000 146 S -123.009048 -476.910675 -294.299316 1.800000 0.000000 0.000000
5000 147 U -119.950050 -475.400116 -294.166260 1.530000 0.000000 0.000000
5000 148 P -122.273956 -479.660675 -291.677612 2.110000 0.000000 0.000000
5000 149 S -118.920517 -481.257538 -292.555542 1.800000 0.000000 0.000000
5000 150 C -116.768021 -478.862366 -294.071838 1.530000 0.000000 0.000000
5000 151 P -117.350464 -483.964325 -290.006714 2.110000 0.000000 0.000000
