49000 1 P 0.000000 0.000000 0.000000 2.110000 -1.000000 1.000000
49000 2 S -0.086931 -3.980365 0.106474 1.800000 0.000000 0.000000
49000 3 G 0.725035 -3.965128 3.543068 1.530000 0.000000 0.000000
49000 4 P 3.268266 -5.587639 -0.961693 2.110000 -1.000000 0.000000
49000 5 S 3.855467 -9.422071 -0.015327 1.800000 0.000000 0.000000
49000 6 A 6.425861 -8.562449 -1.939772 1.530000 0.000000 0.000000
49000 7 P 1.325353 -9.682392 -2.843490 2.110000 -1.000000 0.000000
49000 8 S -2.261082 -9.994890 -1.299108 1.800000 0.000000 0.000000
49000 9 C -3.272670 -13.253675 -1.519850 1.530000 0.000000 0.000000
49000 10 P -5.059523 -8.477135 -3.696940 2.110000 -1.000000 0.000000
49000 11 S -7.666213 -9.009673 -0.899194 1.800000 0.000000 0.000000
49000 12 A -9.870041 -7.032347 -2.573471 1.530000 0.000000 0.000000
49000 13 P -9.699453 -12.204402 -1.463653 2.110000 -1.000000 0.000000
49000 14 S -13.251641 -11.305305 -0.054163 1.800000 0.000000 0.000000
49000 15 C -14.409806 -14.057011 -1.422915 1.530000 0.000000 0.000000
49000 16 P -14.115915 -9.204318 -3.231269 2.110000 -1.000000 0.000000
49000 17 S -17.747412 -7.710363 -2.796678 1.800000 0.000000 0.000000
49000 18 T -18.158051 -9.176086 0.167503 1.530000 0.000000 0.000000
49000 19 P -17.430441 -4.276451 -1.179817 2.110000 -1.000000 0.000000
49000 20 S -14.138701 -2.735760 -2.571705 1.800000 0.000000 0.000000
49000 21 A -13.067436 -5.772191 -3.571571 1.530000 0.000000 0.000000
49000 22 P -15.707641 -1.391405 -5.792824 2.110000 -1.000000 0.000000
49000 23 S -17.855127 1.371654 -4.008907 1.800000 0.000000 0.000000
49000 24 A -18.665150 3.567906 -6.368624 1.530000 0.000000 0.000000
49000 25 P -21.455341 0.054992 -3.544681 2.110000 -1.000000 0.000000
49000 26 S -21.496563 -1.276981 -7.245267 1.800000 0.000000 0.000000
49000 27 G -24.904137 -1.217860 -7.061968 1.530000 0.000000 0.000000
49000 28 P -21.179766 2.131005 -9.245698 2.110000 -1.000000 0.000000
49000 29 S -20.756577 0.506480 -12.872869 1.800000 0.000000 0.000000
49000 30 T -19.285128 -2.489687 -12.039330 1.530000 0.000000 0.000000
49000 31 P -24.199625 -0.931488 -13.899725 2.110000 -1.000000 0.000000
49000 32 S -22.808138 -4.316284 -12.724092 1.800000 0.000000 0.000000
49000 33 T -25.589727 -6.092875 -13.207850 1.530000 0.000000 0.000000
49000 34 P -21.782967 -4.460164 -16.504177 2.110000 -1.000000 0.000000
49000 35 S -20.665604 -8.189746 -16.340235 1.800000 0.000000 0.000000
49000 36 C -23.083700 -9.108212 -18.516525 1.530000 0.000000 0.000000
49000 37 P -18.094624 -8.478662 -19.266832 2.110000 -1.000000 0.000000
49000 38 S -15.048002 -10.089384 -17.357796 1.800000 0.000000 0.000000
49000 39 G -14.899944 -13.241274 -19.013443 1.530000 0.000000 0.000000
49000 40 P -12.070792 -8.217399 -18.982553 2.110000 -1.000000 0.000000
49000 41 S -9.887214 -6.209557 -16.531523 1.800000 0.000000 0.000000
49000 42 G -11.768523 -6.772987 -13.584520 1.530000 0.000000 0.000000
49000 43 P -7.397147 -9.152005 -16.189432 2.110000 -1.000000 0.000000
49000 44 S -4.142923 -7.268767 -15.240970 1.800000 0.000000 0.000000
49000 45 C -2.773185 -10.735687 -15.289810 1.530000 0.000000 0.000000
49000 46 P -2.891297 -6.433364 -18.855114 2.110000 -1.000000 0.000000
49000 47 S -5.886093 -4.961545 -20.860313 1.800000 0.000000 0.000000
49000 48 A -7.554077 -8.127192 -21.474220 1.530000 0.000000 0.000000
49000 49 P -8.234331 -3.070585 -18.500261 2.110000 -1.000000 0.000000
49000 50 S -5.834149 -0.930648 -16.274284 1.800000 0.000000 0.000000
49000 51 T -5.020067 -0.132630 -19.686502 1.530000 0.000000 0.000000
49000 52 P -3.085223 -3.660395 -15.900938 2.110000 -1.000000 0.000000
49000 53 S -1.333137 -3.204736 -12.447455 1.800000 0.000000 0.000000
49000 54 C -3.190090 -5.927557 -11.395701 1.530000 0.000000 0.000000
49000 55 P 1.574997 -5.349816 -13.790317 2.110000 -1.000000 0.000000
49000 56 S 4.668402 -4.355089 -11.663185 1.800000 0.000000 0.000000
49000 57 A 2.547238 -2.268533 -10.015529 1.530000 0.000000 0.000000
49000 58 P 5.678250 -1.482268 -14.122828 2.110000 -1.000000 0.000000
49000 59 S 6.815921 1.248771 -11.540441 1.800000 0.000000 0.000000
49000 60 A 3.776394 2.769591 -11.603921 1.530000 0.000000 0.000000
49000 61 P 8.494472 3.668234 -14.157257 2.110000 -1.000000 0.000000
49000 62 S 9.398852 1.386216 -17.258335 1.800000 0.000000 0.000000
49000 63 T 6.617304 1.342570 -19.349022 1.530000 0.000000 0.000000
49000 64 P 10.694369 4.149296 -19.809790 2.110000 -1.000000 0.000000
49000 65 S 8.714896 7.245347 -18.581379 1.800000 0.000000 0.000000
49000 66 A 6.102074 7.562124 -20.776789 1.530000 0.000000 0.000000
49000 67 P 11.088937 9.628260 -20.560011 2.110000 -1.000000 0.000000
49000 68 S 13.199117 7.390247 -22.875294 1.800000 0.000000 0.000000
49000 69 T 10.066968 5.823546 -23.012152 1.530000 0.000000 0.000000
49000 70 P 15.335792 4.149779 -22.146082 2.110000 -1.000000 0.000000
49000 71 S 15.157718 3.878012 -18.279638 1.800000 0.000000 0.000000
49000 72 G 13.801079 0.836389 -18.710358 1.530000 0.000000 0.000000
49000 73 P 18.599957 2.625008 -17.279259 2.110000 -1.000000 0.000000
49000 74 S 19.827148 4.927401 -14.293964 1.800000 0.000000 0.000000
49000 75 G 21.928877 6.781444 -16.225332 1.530000 0.000000 0.000000
49000 76 P 22.481855 2.446682 -13.039222 2.110000 -1.000000 0.000000
49000 77 S 20.406328 0.526048 -10.316753 1.800000 0.000000 0.000000
49000 78 T 18.669941 3.199975 -8.846383 1.530000 0.000000 0.000000
49000 79 P 22.754007 0.270027 -7.198111 2.110000 -1.000000 0.000000
49000 80 S 25.650667 -1.913499 -8.640890 1.800000 0.000000 0.000000
49000 81 G 25.577391 0.165877 -11.270372 1.530000 0.000000 0.000000
49000 82 P 28.914621 -0.093909 -7.344888 2.110000 -1.000000 0.000000
49000 83 S 26.968912 1.807647 -4.498321 1.800000 0.000000 0.000000
49000 84 A 27.572323 -0.468881 -1.928509 1.530000 0.000000 0.000000
49000 85 P 29.197151 4.700574 -3.178204 2.110000 -1.000000 0.000000
49000 86 S 28.801624 4.895757 0.705161 1.800000 0.000000 0.000000
49000 87 C 29.419079 1.347059 0.845731 1.530000 0.000000 0.000000
49000 88 P 32.087372 6.089879 2.469074 2.110000 -1.000000 0.000000
49000 89 S 34.389450 7.833090 -0.150884 1.800000 0.000000 0.000000
49000 90 C 31.914673 8.315419 -2.333422 1.530000 0.000000 0.000000
49000 91 P 33.801983 11.458714 1.173858 2.110000 -1.000000 0.000000
49000 92 S 35.005287 10.023308 4.626544 1.800000 0.000000 0.000000
49000 93 T 38.224972 9.319184 4.002928 1.530000 0.000000 0.000000
49000 94 P 35.845802 12.280227 7.653239 2.110000 -1.000000 0.000000
49000 95 S 38.019489 15.246973 6.109215 1.800000 0.000000 0.000000
49000 96 C 35.555656 14.761310 3.381820 1.530000 0.000000 0.000000
49000 97 P 40.173378 12.132349 5.142035 2.110000 -1.000000 0.000000
49000 98 S 41.677784 10.494463 8.379984 1.800000 0.000000 0.000000
49000 99 C 41.221912 13.322513 10.002267 1.530000 0.000000 0.000000
49000 100 P 39.623356 7.789745 10.295669 2.110000 -1.000000 0.000000
49000 101 S 37.644684 9.429917 13.389407 1.800000 0.000000 0.000000
49000 102 C 36.265427 12.207381 11.754736 1.530000 0.000000 0.000000
49000 103 P 41.055805 11.412897 13.953647 2.110000 -1.000000 0.000000
49000 104 S 41.391312 10.585716 17.649492 1.800000 0.000000 0.000000
49000 105 G 38.893761 13.113743 17.493599 1.530000 0.000000 0.000000
49000 106 P 38.924213 7.705239 17.476723 2.110000 -1.000000 0.000000
49000 107 S 41.242138 4.836466 16.263971 1.800000 0.000000 0.000000
49000 108 G 39.723198 4.121969 13.606868 1.530000 0.000000 0.000000
49000 109 P 44.814541 5.829888 15.056086 2.110000 -1.000000 0.000000
49000 110 S 44.904987 3.984596 11.557783 1.800000 0.000000 0.000000
49000 111 G 43.435795 6.504806 9.567080 1.530000 0.000000 0.000000
49000 112 P 48.678574 5.035406 11.150880 2.110000 -1.000000 0.000000
49000 113 S 50.214973 6.771806 14.223220 1.800000 0.000000 0.000000
49000 114 A 52.120693 4.309394 15.826682 1.530000 0.000000 0.000000
49000 115 P 53.258564 8.921948 12.898531 2.110000 -1.000000 0.000000
49000 116 S 53.866680 11.309594 15.881077 1.800000 0.000000 0.000000
49000 117 G 53.646870 14.459188 14.553393 1.530000 0.000000 0.000000
49000 118 P 57.655701 11.387565 16.786539 2.110000 -1.000000 0.000000
49000 119 S 58.308617 7.573225 16.525480 1.800000 0.000000 0.000000
49000 120 C 61.063782 8.398360 18.050495 1.530000 0.000000 0.000000
49000 121 P 59.855240 6.493290 13.083756 2.110000 -1.000000 0.000000
49000 122 S 56.776268 4.643711 11.650160 1.800000 0.000000 0.000000
49000 123 G 57.655022 3.044789 8.825598 1.530000 0.000000 0.000000
49000 124 P 52.959820 5.051809 10.512148 2.110000 -1.000000 0.000000
49000 125 S 53.859001 6.327350 6.923613 1.800000 0.000000 0.000000
49000 126 G 51.745106 4.512128 5.411336 1.530000 0.000000 0.000000
49000 127 P 51.498280 9.140491 8.247367 2.110000 -1.000000 0.000000
49000 128 S 48.530746 8.172025 6.024789 1.800000 0.000000 0.000000
49000 129 G 48.190788 11.383379 5.708403 1.530000 0.000000 0.000000
49000 130 P 48.751717 7.241101 2.159455 2.110000 -1.000000 0.000000
49000 131 S 50.626926 10.466593 1.109955 1.800000 0.000000 0.000000
49000 132 G 52.484249 9.887187 -1.560225 1.530000 0.000000 0.000000
49000 133 P 53.240501 9.520991 3.927923 2.110000 -1.000000 0.000000
49000 134 S 56.092587 7.324566 2.419642 1.800000 0.000000 0.000000
49000 135 G 56.424194 9.907768 0.145219 1.530000 0.000000 0.000000
49000 136 P 55.253155 4.369714 0.050339 2.110000 -1.000000 0.000000
49000 137 S 58.891930 2.731168 0.116099 1.800000 0.000000 0.000000
49000 138 A 58.012028 1.482988 3.178574 1.530000 0.000000 0.000000
49000 139 P 58.652065 -0.057487 -2.528591 2.110000 -1.000000 0.000000
49000 140 S 55.603432 0.511344 -4.945942 1.800000 0.000000 0.000000
49000 141 C 53.527752 -1.677722 -3.084030 1.530000 0.000000 0.000000
49000 142 P 55.968975 -1.801910 -8.040259 2.110000 -1.000000 0.000000
49000 143 S 52.301037 -1.940436 -9.312471 1.800000 0.000000 0.000000
49000 144 C 51.741104 -2.307315 -5.950799 1.530000 0.000000 0.000000
49000 145 P 52.785343 -5.739165 -9.898345 2.110000 -1.000000 0.000000
49000 146 S 55.284744 -6.765334 -7.066552 1.800000 0.000000 0.000000
49000 147 A 57.786438 -4.861384 -8.227452 1.530000 0.000000 0.000000
49000 148 P 57.101685 -9.943599 -5.700412 2.110000 -1.000000 0.000000
49000 149 S 56.455944 -10.393009 -1.887988 1.800000 0.000000 0.000000
49000 150 C 53.906502 -12.544499 -2.676244 1.530000 0.000000 0.000000
49000 151 P 59.327599 -12.914026 -2.472976 2.110000 -1.000000 0.000000
49000 152 S 61.372036 -13.166534 0.799410 1.800000 0.000000 0.000000
49000 153 C 61.520702 -9.741225 1.207598 1.530000 0.000000 0.000000
49000 154 P 65.133354 -14.203787 0.591549 2.110000 -1.000000 0.000000
49000 155 S 64.448166 -17.867443 1.391008 1.800000 0.000000 0.000000
49000 156 A 65.904922 -19.055161 -1.310260 1.530000 0.000000 0.000000
49000 157 P 60.715446 -18.294157 0.434986 2.110000 -1.000000 0.000000
49000 158 S 60.763233 -18.765633 -3.461476 1.800000 0.000000 0.000000
49000 159 G 58.143593 -20.857025 -3.905954 1.530000 0.000000 0.000000
49000 160 P 59.994682 -16.261848 -6.422505 2.110000 -1.000000 0.000000
49000 161 S 57.681469 -18.101456 -9.043420 1.800000 0.000000 0.000000
49000 162 G 55.315926 -15.642847 -10.029409 1.530000 0.000000 0.000000
49000 163 P 55.518791 -19.728058 -6.176725 2.110000 -1.000000 0.000000
49000 164 S 54.104252 -23.074753 -7.847279 1.800000 0.000000 0.000000
49000 165 T 54.549793 -24.734005 -4.871851 1.530000 0.000000 0.000000
49000 166 P 56.794655 -24.924236 -9.935336 2.110000 -1.000000 0.000000
49000 167 S 59.077801 -26.037228 -6.938319 1.800000 0.000000 0.000000
49000 168 T 60.663574 -22.976530 -7.046213 1.530000 0.000000 0.000000
49000 169 P 62.400150 -27.994980 -7.248538 2.110000 -1.000000 0.000000
49000 170 S 63.989906 -28.075949 -3.667049 1.800000 0.000000 0.000000
49000 171 G 66.478279 -30.381527 -3.877414 1.530000 0.000000 0.000000
49000 172 P 61.349689 -30.104889 -1.504814 2.110000 -1.000000 0.000000
49000 173 S 58.400555 -29.836803 -4.104253 1.800000 0.000000 0.000000
49000 174 C 56.251030 -27.614258 -2.764112 1.530000 0.000000 0.000000
49000 175 P 56.152897 -33.011974 -3.622298 2.110000 -1.000000 0.000000
49000 176 S 57.452599 -35.119797 -6.747482 1.800000 0.000000 0.000000
49000 177 C 54.440907 -35.128193 -8.460166 1.530000 0.000000 0.000000
49000 178 P 56.757755 -38.622169 -5.154362 2.110000 -1.000000 0.000000
49000 179 S 57.663464 -41.684570 -7.526903 1.800000 0.000000 0.000000
49000 180 T 54.911491 -43.282894 -6.691310 1.530000 0.000000 0.000000
49000 181 P 59.904613 -44.207436 -5.581672 2.110000 -1.000000 0.000000
49000 182 S 59.358475 -47.777706 -7.053325 1.800000 0.000000 0.000000
49000 183 A 62.687637 -48.485065 -6.804450 1.530000 0.000000 0.000000
49000 184 P 58.397133 -50.289257 -4.290923 2.110000 -1.000000 0.000000
49000 185 S 59.604191 -48.250259 -1.281629 1.800000 0.000000 0.000000
49000 186 A 62.511948 -47.513973 -3.007400 1.530000 0.000000 0.000000
49000 187 P 57.874660 -44.684052 -1.352073 2.110000 -1.000000 0.000000
49000 188 S 58.413757 -42.535133 1.870373 1.800000 0.000000 0.000000
49000 189 G 60.452808 -45.114788 2.815416 1.530000 0.000000 0.000000
49000 190 P 61.384327 -40.759861 0.182569 2.110000 -1.000000 0.000000
49000 191 S 63.348095 -44.080406 -0.907203 1.800000 0.000000 0.000000
49000 192 G 66.374725 -42.698792 -1.133256 1.530000 0.000000 0.000000
49000 193 P 64.272522 -46.392677 2.068733 2.110000 -1.000000 0.000000
49000 194 S 66.630844 -43.764767 3.809275 1.800000 0.000000 0.000000
49000 195 A 64.325783 -41.660255 4.911969 1.530000 0.000000 0.000000
49000 196 P 67.606277 -44.575005 7.515504 2.110000 -1.000000 0.000000
49000 197 S 70.379387 -47.151997 6.627981 1.800000 0.000000 0.000000
49000 198 G 70.100586 -49.108574 9.472888 1.530000 0.000000 0.000000
49000 199 P 73.892120 -48.542820 5.960056 2.110000 -1.000000 0.000000
49000 200 S 75.009720 -49.758938 9.531703 1.800000 0.000000 0.000000
49000 201 G 78.229172 -50.601501 8.716331 1.530000 0.000000 0.000000
49000 202 P 73.809868 -53.156502 10.969872 2.110000 -1.000000 0.000000
49000 203 S 76.857674 -55.598366 10.709667 1.800000 0.000000 0.000000
49000 204 G 78.809547 -53.912041 8.444756 1.530000 0.000000 0.000000
49000 205 P 79.836372 -56.383148 13.133020 2.110000 -1.000000 0.000000
49000 206 S 82.086945 -58.893764 11.145417 1.800000 0.000000 0.000000
49000 207 G 79.152802 -60.557728 10.326124 1.530000 0.000000 0.000000
49000 208 P 83.967987 -61.505814 13.280954 2.110000 -1.000000 0.000000
49000 209 S 87.406006 -59.568962 13.842065 1.800000 0.000000 0.000000
49000 210 T 87.691292 -61.682240 16.553074 1.530000 0.000000 0.000000
49000 211 P 89.840057 -61.529148 11.514238 2.110000 -1.000000 0.000000
49000 212 S 87.799217 -64.771317 10.868847 1.800000 0.000000 0.000000
49000 213 G 86.356842 -63.953846 7.804499 1.530000 0.000000 0.000000
49000 214 P 90.000954 -67.973282 10.277055 2.110000 -1.000000 0.000000
49000 215 S 88.381462 -70.346848 7.663777 1.800000 0.000000 0.000000
49000 216 A 85.573715 -68.150833 8.058402 1.530000 0.000000 0.000000
49000 217 P 86.821854 -73.820847 8.761940 2.110000 -1.000000 0.000000
49000 218 S 85.737892 -73.257187 12.518806 1.800000 0.000000 0.000000
49000 219 A 84.903214 -69.984840 12.280560 1.530000 0.000000 0.000000
49000 220 P 88.847893 -73.150757 14.897451 2.110000 -1.000000 0.000000
49000 221 S 88.918648 -69.877380 17.036037 1.800000 0.000000 0.000000
49000 222 C 86.149727 -71.099220 18.919531 1.530000 0.000000 0.000000
49000 223 P 91.298729 -71.693527 19.442570 2.110000 -1.000000 0.000000
49000 224 S 88.987724 -73.593979 21.926287 1.800000 0.000000 0.000000
49000 225 C 86.174141 -74.064545 19.648142 1.530000 0.000000 0.000000
49000 226 P 90.302055 -77.155731 20.961199 2.110000 -1.000000 0.000000
49000 227 S 92.276993 -78.325905 24.187969 1.800000 0.000000 0.000000
49000 228 G 89.786728 -76.783447 26.456316 1.530000 0.000000 0.000000
49000 229 P 95.090080 -75.614677 23.909334 2.110000 -1.000000 0.000000
49000 230 S 97.341789 -76.626816 20.761545 1.800000 0.000000 0.000000
49000 231 G 96.949471 -73.474762 19.288155 1.530000 0.000000 0.000000
49000 232 P 101.184181 -75.978645 20.792303 2.110000 -1.000000 0.000000
49000 233 S 101.975838 -72.929642 23.257771 1.800000 0.000000 0.000000
49000 234 C 103.832993 -74.200226 25.901293 1.530000 0.000000 0.000000
49000 235 P 104.909492 -70.703178 21.857664 2.110000 -1.000000 0.000000
49000 236 S 105.512222 -71.332901 18.019625 1.800000 0.000000 0.000000
49000 237 C 105.162224 -68.284897 16.890522 1.530000 0.000000 0.000000
49000 238 P 109.414185 -71.616516 17.907524 2.110000 -1.000000 0.000000
49000 239 S 109.761223 -67.949257 19.383532 1.800000 0.000000 0.000000
49000 240 C 106.595840 -67.867508 20.685299 1.530000 0.000000 0.000000
49000 241 P 109.955200 -65.049751 16.951181 2.110000 -1.000000 0.000000
49000 242 S 107.552963 -65.990227 13.962345 1.800000 0.000000 0.000000
49000 243 A 108.146729 -69.232269 14.386529 1.530000 0.000000 0.000000
49000 244 P 109.456161 -65.912247 10.596647 2.110000 -1.000000 0.000000
49000 245 S 110.899734 -62.324223 10.878714 1.800000 0.000000 0.000000
49000 246 G 112.849762 -62.121323 8.167322 1.530000 0.000000 0.000000
49000 247 P 113.757729 -61.760521 13.425196 2.110000 -1.000000 0.000000
49000 248 S 115.766678 -59.089539 11.382598 1.800000 0.000000 0.000000
49000 249 G 118.121338 -59.244976 13.808098 1.530000 0.000000 0.000000
49000 250 P 118.361404 -59.552925 8.446735 2.110000 -1.000000 0.000000
49000 251 S 119.554390 -63.194260 9.045129 1.800000 0.000000 0.000000
49000 252 T 119.801201 -63.413376 12.443803 1.530000 0.000000 0.000000
49000 253 P 116.562645 -65.673424 9.071860 2.110000 -1.000000 0.000000
49000 254 S 114.252960 -64.485909 6.102752 1.800000 0.000000 0.000000
49000 255 C 111.515419 -66.148087 7.341226 1.530000 0.000000 0.000000
49000 256 P 114.876724 -67.416618 3.539940 2.110000 -1.000000 0.000000
49000 257 S 112.117500 -66.236443 1.140114 1.800000 0.000000 0.000000
49000 258 G 114.134247 -67.432777 -1.323506 1.530000 0.000000 0.000000
49000 259 P 109.611313 -69.146675 1.414022 2.110000 -1.000000 0.000000
49000 260 S 109.174454 -71.145744 -1.849558 1.800000 0.000000 0.000000
49000 261 G 110.222771 -68.299416 -3.463876 1.530000 0.000000 0.000000
49000 262 P 105.678070 -71.433151 -3.613405 2.110000 -1.000000 0.000000
49000 263 S 105.427635 -73.605118 -6.880635 1.800000 0.000000 0.000000
49000 264 A 107.162933 -76.543884 -5.975188 1.530000 0.000000 0.000000
49000 265 P 102.236610 -75.589523 -6.083628 2.110000 -1.000000 0.000000
49000 266 S 100.197701 -75.549217 -9.380445 1.800000 0.000000 0.000000
49000 267 A 100.277931 -78.973274 -9.715805 1.530000 0.000000 0.000000
49000 268 P 103.205582 -74.867622 -11.691037 2.110000 -1.000000 0.000000
49000 269 S 101.366547 -74.988914 -15.172044 1.800000 0.000000 0.000000
49000 270 A 98.745918 -77.027115 -14.365403 1.530000 0.000000 0.000000
49000 271 P 99.395599 -71.745964 -16.057095 2.110000 -1.000000 0.000000
49000 272 S 96.684799 -73.833488 -17.931936 1.800000 0.000000 0.000000
49000 273 C 96.563248 -76.422012 -15.741282 1.530000 0.000000 0.000000
49000 274 P 99.651413 -75.600784 -19.824203 2.110000 -1.000000 0.000000
49000 275 S 99.531776 -79.290817 -18.706499 1.800000 0.000000 0.000000
49000 276 G 101.799049 -79.018044 -21.242649 1.530000 0.000000 0.000000
49000 277 P 97.547882 -82.398773 -20.217876 2.110000 -1.000000 0.000000
49000 278 S 94.901733 -80.657928 -22.578281 1.800000 0.000000 0.000000
49000 279 G 94.788536 -79.149300 -19.506737 1.530000 0.000000 0.000000
49000 280 P 91.370888 -82.139671 -22.202606 2.110000 -1.000000 0.000000
49000 281 S 92.092216 -85.855927 -22.951200 1.800000 0.000000 0.000000
49000 282 A 93.785378 -86.057137 -20.015491 1.530000 0.000000 0.000000
49000 283 P 95.129837 -85.945114 -25.214996 2.110000 -1.000000 0.000000
49000 284 S 96.046669 -89.563911 -24.291021 1.800000 0.000000 0.000000
49000 285 G 99.389320 -88.956062 -23.814936 1.530000 0.000000 0.000000
49000 286 P 97.367378 -90.632553 -27.887453 2.110000 -1.000000 0.000000
49000 287 S 100.826515 -92.110489 -26.719984 1.800000 0.000000 0.000000
49000 288 C 102.285805 -90.083763 -28.889345 1.530000 0.000000 0.000000
49000 289 P 103.639626 -91.223083 -24.149143 2.110000 -1.000000 0.000000
49000 290 S 103.029327 -94.132332 -21.759214 1.800000 0.000000 0.000000
49000 291 A 104.856438 -96.261101 -23.886139 1.530000 0.000000 0.000000
49000 292 P 105.819237 -93.322899 -19.116215 2.110000 -1.000000 0.000000
49000 293 S 107.582947 -96.742714 -18.080776 1.800000 0.000000 0.000000
49000 294 G 108.057137 -96.380241 -14.777514 1.530000 0.000000 0.000000
49000 295 P 103.918190 -97.883430 -17.714378 2.110000 -1.000000 0.000000
49000 296 S 103.271294 -96.266319 -14.293499 1.800000 0.000000 0.000000
49000 297 G 106.095467 -94.341545 -13.935394 1.530000 0.000000 0.000000
49000 298 P 104.958931 -99.553360 -13.405018 2.110000 -1.000000 0.000000
49000 299 S 106.601051 -99.482559 -9.891989 1.800000 0.000000 0.000000
49000 300 T 106.287140 -103.007294 -9.523985 1.530000 0.000000 0.000000
49000 301 P 103.269379 -98.240555 -8.524363 2.110000 -1.000000 0.000000
49000 302 S 100.098282 -99.390228 -10.471473 1.800000 0.000000 0.000000
49000 303 C 99.015556 -96.173615 -9.681051 1.530000 0.000000 0.000000
49000 304 P 100.379486 -99.027763 -14.340984 2.110000 -1.000000 0.000000
49000 305 S 101.805847 -102.056023 -16.288820 1.800000 0.000000 0.000000
49000 306 A 99.747452 -102.393005 -19.079725 1.530000 0.000000 0.000000
49000 307 P 100.806496 -105.296661 -14.423172 2.110000 -1.000000 0.000000
49000 308 S 98.595390 -104.198235 -11.428741 1.800000 0.000000 0.000000
49000 309 A 101.368767 -104.625481 -9.466519 1.530000 0.000000 0.000000
49000 310 P 96.781006 -106.849350 -9.375281 2.110000 -1.000000 0.000000
49000 311 S 95.257530 -108.557465 -12.559422 1.800000 0.000000 0.000000
49000 312 A 92.634056 -106.185730 -13.199591 1.530000 0.000000 0.000000
49000 313 P 93.043701 -111.089928 -10.591558 2.110000 -1.000000 0.000000
49000 314 S 89.534592 -111.505981 -12.000930 1.800000 0.000000 0.000000
49000 315 A 88.859543 -114.620148 -10.460316 1.530000 0.000000 0.000000
49000 316 P 89.125687 -112.529465 -15.740796 2.110000 -1.000000 0.000000
49000 317 S 92.664810 -113.635063 -16.846170 1.800000 0.000000 0.000000
49000 318 C 92.734688 -111.426132 -19.552269 1.530000 0.000000 0.000000
49000 319 P 95.524933 -111.902344 -14.776196 2.110000 -1.000000 0.000000
49000 320 S 98.234146 -114.667427 -14.412030 1.800000 0.000000 0.000000
49000 321 T 101.022194 -112.549675 -14.975565 1.530000 0.000000 0.000000
49000 322 P 98.478325 -114.033058 -10.577960 2.110000 -1.000000 0.000000
49000 323 S 99.845596 -116.966454 -8.282417 1.800000 0.000000 0.000000
49000 324 C 102.664803 -117.694580 -10.231472 1.530000 0.000000 0.000000
49000 325 P 97.331329 -119.682510 -9.592206 2.110000 -1.000000 0.000000
49000 326 S 98.124130 -122.987183 -7.623175 1.800000 0.000000 0.000000
49000 327 C 100.652496 -121.805557 -5.380058 1.530000 0.000000 0.000000
49000 328 P 95.620422 -124.035652 -4.810202 2.110000 -1.000000 0.000000
49000 329 S 92.711182 -125.977112 -6.618013 1.800000 0.000000 0.000000
49000 330 C 93.814270 -124.395592 -9.573877 1.530000 0.000000 0.000000
49000 331 P 94.235855 -129.406509 -7.486676 2.110000 -1.000000 0.000000
49000 332 S 94.402367 -131.309540 -3.977238 1.800000 0.000000 0.000000
49000 333 G 97.738808 -130.404709 -3.502182 1.530000 0.000000 0.000000
49000 334 P 95.436096 -134.398163 -5.938054 2.110000 -1.000000 0.000000
49000 335 S 92.240715 -135.589951 -7.922491 1.800000 0.000000 0.000000
49000 336 T 92.669739 -133.958786 -10.796306 1.530000 0.000000 0.000000
49000 337 P 92.354546 -139.037262 -9.703296 2.110000 -1.000000 0.000000
49000 338 S 89.048912 -138.808685 -11.889094 1.800000 0.000000 0.000000
49000 339 G 90.072777 -141.042984 -14.168909 1.530000 0.000000 0.000000
49000 340 P 91.212402 -135.888779 -13.175470 2.110000 -1.000000 0.000000
49000 341 S 89.104424 -134.638763 -16.158916 1.800000 0.000000 0.000000
49000 342 C 89.209503 -137.422714 -18.023874 1.530000 0.000000 0.000000
49000 343 P 92.899384 -133.564789 -16.249355 2.110000 -1.000000 0.000000
49000 344 S 92.989655 -130.115921 -17.989731 1.800000 0.000000 0.000000
49000 345 T 91.771576 -131.470337 -20.984503 1.530000 0.000000 0.000000
49000 346 P 96.786346 -130.657852 -19.042130 2.110000 -1.000000 0.000000
49000 347 S 98.322548 -130.358093 -15.443767 1.800000 0.000000 0.000000
49000 348 G 99.816536 -133.480698 -15.455388 1.530000 0.000000 0.000000
49000 349 P 95.966194 -131.304581 -12.406683 2.110000 -1.000000 0.000000
49000 350 S 98.763504 -131.866745 -9.790004 1.800000 0.000000 0.000000
49000 351 A 98.141762 -134.942917 -10.904289 1.530000 0.000000 0.000000
49000 352 P 102.634453 -131.819794 -10.451589 2.110000 -1.000000 0.000000
49000 353 S 102.373428 -131.923004 -14.323114 1.800000 0.000000 0.000000
49000 354 T 102.142036 -135.382248 -14.771840 1.530000 0.000000 0.000000
49000 355 P 105.908630 -131.355133 -15.969065 2.110000 -1.000000 0.000000
49000 356 S 106.670746 -127.622299 -15.117230 1.800000 0.000000 0.000000
49000 357 C 106.425705 -126.516937 -18.175007 1.530000 0.000000 0.000000
49000 358 P 110.642097 -127.759697 -15.014836 2.110000 -1.000000 0.000000
49000 359 S 112.027000 -129.557129 -18.228188 1.800000 0.000000 0.000000
49000 360 A 114.580551 -127.389702 -17.772491 1.530000 0.000000 0.000000
49000 361 P 114.185600 -132.472733 -16.906590 2.110000 -1.000000 0.000000
49000 362 S 112.292778 -132.871674 -13.537256 1.800000 0.000000 0.000000
49000 363 G 109.566101 -133.602142 -15.341709 1.530000 0.000000 0.000000
49000 364 P 113.359840 -136.552383 -13.159942 2.110000 -1.000000 0.000000
49000 365 S 110.859322 -138.519073 -10.794413 1.800000 0.000000 0.000000
49000 366 T 108.741814 -137.997543 -13.430535 1.530000 0.000000 0.000000
49000 367 P 111.775269 -142.192398 -11.803635 2.110000 -1.000000 0.000000
49000 368 S 114.461166 -143.473282 -9.300544 1.800000 0.000000 0.000000
49000 369 A 116.236069 -140.853531 -10.439281 1.530000 0.000000 0.000000
49000 370 P 114.392265 -142.372330 -5.608090 2.110000 -1.000000 0.000000
49000 371 S 110.471184 -142.611267 -5.256748 1.800000 0.000000 0.000000
49000 372 G 109.693260 -139.383484 -5.936452 1.530000 0.000000 0.000000
49000 373 P 108.619743 -143.280090 -1.976458 2.110000 -1.000000 0.000000
49000 374 S 104.999680 -144.000351 -3.209044 1.800000 0.000000 0.000000
49000 375 T 103.703354 -142.539276 -0.497093 1.530000 0.000000 0.000000
49000 376 P 104.526512 -147.750092 -2.205112 2.110000 -1.000000 0.000000
49000 377 S 105.794525 -147.371216 1.361878 1.800000 0.000000 0.000000
49000 378 G 108.852493 -146.396790 0.093836 1.530000 0.000000 0.000000
49000 379 P 104.307487 -143.951263 2.539690 2.110000 -1.000000 0.000000
49000 380 S 103.024239 -144.998062 6.096748 1.800000 0.000000 0.000000
49000 381 T 102.743050 -141.783051 7.166883 1.530000 0.000000 0.000000
49000 382 P 99.301559 -145.888412 6.297536 2.110000 -1.000000 0.000000
49000 383 S 96.988647 -142.947693 5.402278 1.800000 0.000000 0.000000
49000 384 C 99.202263 -140.268143 6.140880 1.530000 0.000000 0.000000
49000 385 P 93.538818 -141.420700 6.486463 2.110000 -1.000000 0.000000
